-8.602040732649632315e-02
1.777069804639762676e-02
4.152328435399425532e-01
1.657838161069378202e-01
1.022333808586295828e-01
6.758537358020906549e-02
5.199209838570898606e-02
4.844528502144987425e-02
-5.425116446946161297e-02
-3.946931272095894477e-02
-3.373163725378010985e-02
-1.749591493395831129e-02
-7.312929096142792643e-03
7.798230733616522744e-04
-7.505212134198645246e-02
-7.519946790958731420e-02
-3.381373614267679101e-02
-4.307443026491124261e-02
-3.155573053831287750e-02
-4.256554480569542387e-02
-3.152938275061690221e-01
-2.036001050756935937e-01
-2.647295769101496443e-01
-1.284359391907618497e-01
-3.149389661305212335e-02
-2.451046202067892754e-01
-3.715305255519308347e-01
-8.568670640751898174e-03
